000000000000000
00000000100
001001000000110000
00110000000111111              111            111
0000000000000               00000          00000
00101111111                 01010          01010
11110000000111111             01010          01010
0001000010000100111          00000          00000
00000000000000000           111            111
000000000000000
1111        1111
111111        111111
111111111111111111111111111111111111111111111111111111111111
100010000010011000100000100110001000001001100000000000000000
111111111111111111111111111111111111111100000000000000000000
100100010000110010000100001000011000000111111111111111111111
111111111111111111111111111111111111111    1000000000
1000001000011000001000011000001000001    1000000000
111111111111111111111111111111111111111    1000000000
1010010001011010010001011010010001001    1000000000
111111111111111111111111111111111111111    111111111
